0.71 0.78599995 0.9980001 0.70699996 0.76099986 0.9980001 0.7139999 0.7879998 1.0099998 0.35199997 0.71 1.273 0.65799993 1.6049998 3.077 1.095 2.9659998 5.8010006 0.126 0.114999846 0.23299988 0.15200002 0.24799998 0.228 0.356 0.26000005 0.36799985 0.24899991 0.3739999 0.353 0.43800002
0.347 0.3649999 0.39600003 0.3779999 0.35899985 0.38600004 0.35399997 0.36599982 0.38199985 0.23500003 0.321 0.46699992 0.30700007 0.54999983 0.913 0.4209999 0.9009999 1.6060001 0.10900001 0.12099986 0.33600003 0.27099997 0.62999994 0.323 0.514 0.491 1.083 0.6339999 0.8149999 0.51000005 0.69999987
0.298 0.45299998 0.673 0.28199998 0.37299982 0.5000001 0.2829999 0.35299984 0.50499976 0.18500005 0.327 0.5289999 0.33399996 0.69099987 1.2009999 0.564 1.2770001 2.2259998 0.052999996 0.06399991 0.11599996 0.1529999 0.23399998 0.122 0.1759999 0.257 0.3439999 0.20499994 0.24799992 0.18400003 0.23099996
0.191 0.22700001 0.29699996 0.20199992 0.19799997 0.23199989 0.18299986 0.19299985 0.257 0.07799999 0.114 0.17900005 0.10700003 0.206 0.33700004 0.15899983 0.36299983 0.601 0.04999988 0.055999923 0.124 0.14099996 0.19199984 0.124 0.16899984 0.25200003 0.302 0.21299998 0.2469999 0.18600003 0.22699992
0.169 0.21699986 0.27599987 0.17399988 0.19699988 0.215 0.17599997 0.17899999 0.21299991 0.08899988 0.14 0.209 0.12799992 0.25899994 0.50899994 0.18499984 0.42299998 0.791 0.022000017 0.03800005 0.06800002 0.056999866 0.082999885 0.065 0.08400005 0.09100002 0.11499995 0.08499998 0.10700005 0.641 0.11799997
0.147 0.15199988 0.20699994 0.16300003 0.13700001 0.15599982 0.18099992 0.14099996 0.16699998 0.06699999 0.08 0.10900004 0.06600006 0.10600002 0.16899998 0.06699999 0.159 0.25999984 0.0449999 0.04199988 0.10499984 0.112999976 0.18199998 0.116 0.17399985 0.14800006 0.31699997 0.21100003 0.25299984 0.18299991 0.22899991
0.164 0.19799992 0.26699993 0.1719999 0.15499994 0.19799992 0.15899989 0.16599986 0.19899985 0.06999988 0.121 0.20699997 0.09699983 0.18000002 0.31100005 0.115999885 0.25999993 0.476 0.03399984 0.046999853 0.06599991 0.052999895 0.08299987 0.068 0.094999954 0.09700005 0.12099998 0.084000036 0.12300007 0.100999996 0.12099998
0.187 0.24199983 0.3069999 0.19000003 0.18799993 0.23399994 0.18799993 0.19199988 0.22699997 0.07000001 0.126 0.19699986 0.08699997 0.1799999 0.32 0.12200005 0.27000004 0.481 0.047999892 0.056000028 0.102999955 0.09399989 0.16499999 0.109 0.178 0.21700004 0.26600006 0.17499998 0.35500005 0.16499999 0.22700003
0.244 0.38099983 0.59200007 0.20299987 0.28899983 0.44499972 0.23999982 0.2729998 0.40999988 0.10700004 0.193 0.34499994 0.13799994 0.30499998 0.52299994 0.18600003 0.446 0.46099988 0.049000014 0.06500005 0.09500002 0.13400005 0.16299985 0.115 0.15999983 0.24199985 0.26900005 0.19799994 0.22799991 0.18499993 0.21000002
0.224 0.26599982 0.3799999 0.20599988 0.23899987 0.31199983 0.18999985 0.20199993 0.2549999 0.09200001 0.148 0.22300005 0.09800005 0.16899991 0.27399993 0.11399984 0.227 0.23799992 0.06799991 0.109000035 0.19100004 0.19999987 0.39099985 0.218 0.32099992 0.38500005 0.74700004 0.435 0.52599984 0.36099988 0.44400007
0.278 0.41499984 0.64999974 0.23500001 0.30999982 0.4569999 0.23599994 0.29599988 0.4319998 0.129 0.221 0.35399988 0.13699989 0.2779999 0.4689999 0.165 0.34499982 0.359 0.055999983 0.063999884 0.10899996 0.13299988 0.18000005 0.115 0.17299984 0.25300002 0.29299998 0.1919999 0.24399994 0.18099998 0.2149999
0.354 0.49799982 0.7429999 0.31899992 0.40699998 0.525 0.29399982 0.37399998 0.49500003 0.13000003 0.239 0.38300005 0.15600005 0.29199997 0.4769999 0.18499985 0.37300006 0.38599983 0.08499993 0.09799994 0.23800004 0.24299991 0.50400007 0.255 0.40699995 0.45599997 1.377 0.5259999 0.663 0.40900004 0.5389999
