0.35199997 0.71 1.273 0.65799993 1.6049998 3.077 1.095 2.9659998 5.8010006
0.321
0.18500005 0.327 0.5289999 0.33399996 0.69099987 1.2009999 0.564 1.2770001 2.2259998
0.114
0.08899988 0.14 0.209 0.12799992 0.25899994 0.50899994 0.18499984 0.42299998 0.791
0.08
0.06999988 0.121 0.20699997 0.09699983 0.18000002 0.31100005 0.115999885 0.25999993 0.476
0.126
0.10700004 0.193 0.34499994 0.13799994 0.30499998 0.52299994 0.18600003 0.446 0.46099988
0.148
0.129 0.221 0.35399988 0.13699989 0.2779999 0.4689999 0.165 0.34499982 0.359
0.239
