0.71 0.78599995 0.9980001 0.70699996 0.76099986 0.9980001 0.7139999 0.7879998 1.0099998
0.347 0.3649999 0.39600003 0.3779999 0.35899985 0.38600004 0.35399997 0.36599982 0.38199985
0.298 0.45299998 0.673 0.28199998 0.37299982 0.5000001 0.2829999 0.35299984 0.50499976
0.191 0.22700001 0.29699996 0.20199992 0.19799997 0.23199989 0.18299986 0.19299985 0.257
0.169 0.21699986 0.27599987 0.17399988 0.19699988 0.215 0.17599997 0.17899999 0.21299991
0.147 0.15199988 0.20699994 0.16300003 0.13700001 0.15599982 0.18099992 0.14099996 0.16699998
0.164 0.19799992 0.26699993 0.1719999 0.15499994 0.19799992 0.15899989 0.16599986 0.19899985
0.187 0.24199983 0.3069999 0.19000003 0.18799993 0.23399994 0.18799993 0.19199988 0.22699997
0.244 0.38099983 0.59200007 0.20299987 0.28899983 0.44499972 0.23999982 0.2729998 0.40999988
0.224 0.26599982 0.3799999 0.20599988 0.23899987 0.31199983 0.18999985 0.20199993 0.2549999
0.278 0.41499984 0.64999974 0.23500001 0.30999982 0.4569999 0.23599994 0.29599988 0.4319998
0.354 0.49799982 0.7429999 0.31899992 0.40699998 0.525 0.29399982 0.37399998 0.49500003
